test_iter: 15
test_interval: 34
base_lr: 0.00999999977648
display: 4
max_iter: 136000
lr_policy: "step"
gamma: 0.10000000149
momentum: 0.899999976158
weight_decay: 9.99999974738e-05
stepsize: 44880
snapshot: 17000
snapshot_prefix: "snapshot"
solver_mode: GPU
net: "train_val.prototxt"
solver_type: SGD
